         10.00       10.00  -51.32   -8.00    2.54  199.50
         20.00       20.00  -39.11  -11.17    2.50  199.00
         30.00       30.00  -37.14  -12.98    2.47  198.50
         40.00       40.00  -41.57  -14.33    2.43  198.00
         50.00       50.00  -34.94  -15.34    2.38  197.50
         60.00       60.00  -48.28  -16.22    2.33  197.00
         70.00       70.00  -35.59  -16.99    2.29  196.50
         80.00       80.00  -45.68  -17.76    2.25  196.00
         90.00       90.00  -37.43  -18.41    2.21  195.50
        100.00      100.00  -40.08  -19.03    2.17  195.00
        110.00      110.00  -44.42  -19.62    2.13  194.50
        120.00      120.00  -38.13  -20.19    2.10  194.00
        130.00      130.00  -46.22  -20.70    2.07  193.50
        140.00      140.00  -42.51  -21.22    2.04  193.00
        150.00      150.00  -38.50  -21.73    2.00  192.50
        160.00      160.00  -44.12  -22.19    1.96  192.00
        170.00      170.00  -51.44  -22.59    1.94  191.50
        180.00      180.00  -42.53  -22.93    1.91  191.00
        190.00      190.00  -40.66  -23.43    1.88  190.50
        200.00      200.00  -44.07  -23.72    1.85  190.00
        210.00      210.00  -55.45  -24.11    1.84  189.50
        220.00      220.00  -53.56  -24.44    1.82  189.00
        230.00      230.00  -42.46  -24.74    1.79  188.50
        240.00      240.00  -43.29  -25.10    1.78  188.00
        250.00      250.00  -42.89  -25.38    1.76  187.50
        260.00      260.00  -46.05  -25.66    1.74  187.00
        270.00      270.00  -50.33  -25.99    1.73  186.50
        280.00      280.00  -55.67  -26.21    1.71  186.00
        290.00      290.00  -51.66  -26.49    1.70  185.50
        300.00      300.00  -44.18  -26.82    1.68  185.00
        310.00      310.00  -45.44  -26.86    1.67  184.50
        320.00      320.00  -43.98  -27.24    1.65  184.00
        330.00      330.00  -44.73  -27.44    1.64  183.50
        340.00      340.00  -46.01  -27.61    1.62  183.00
        350.00      350.00  -48.79  -27.70    1.61  182.50
        360.00      360.00  -47.22  -28.08    1.61  182.00
        370.00      370.00  -57.50  -28.24    1.59  181.50
        380.00      380.00  -58.32  -28.23    1.58  181.00
        390.00      390.00  -54.80  -28.48    1.57  180.50
        400.00      400.00  -51.05  -28.70    1.56  180.00
        410.00      410.00  -49.30  -28.87    1.55  179.50
        420.00      420.00  -52.46  -28.94    1.53  179.00
        430.00      430.00  -51.59  -28.91    1.53  178.50
        440.00      440.00  -47.14  -29.10    1.52  178.00
        450.00      450.00  -44.78  -29.30    1.51  177.50
        460.00      460.00  -49.23  -29.48    1.50  177.00
        470.00      470.00  -53.44  -29.56    1.49  176.50
        480.00      480.00  -44.10  -29.56    1.48  176.00
        490.00      490.00  -46.94  -29.59    1.48  175.50
        500.00      500.00  -48.67  -29.75    1.47  175.00
        510.00      510.00  -54.18  -29.94    1.46  174.50
        520.00      520.00  -50.46  -30.12    1.46  174.00
        530.00      530.00  -51.15  -30.19    1.45  173.50
        540.00      540.00  -51.37  -30.33    1.44  173.00
        550.00      550.00  -52.12  -30.32    1.44  172.50
        560.00      560.00  -54.90  -30.34    1.43  172.00
        570.00      570.00  -55.95  -30.45    1.42  171.50
        580.00      580.00  -51.25  -30.64    1.42  171.00
        590.00      590.00  -52.00  -30.74    1.42  170.50
        600.00      600.00  -55.98  -30.87    1.41  170.00
        610.00      610.00  -50.27  -31.08    1.40  169.50
        620.00      620.00  -48.54  -31.20    1.40  169.00
        630.00      630.00  -54.29  -31.25    1.40  168.50
        640.00      640.00  -53.54  -31.19    1.39  168.00
        650.00      650.00  -57.90  -31.30    1.39  167.50
        660.00      660.00  -55.36  -31.45    1.39  167.00
        670.00      670.00  -51.62  -31.51    1.39  166.50
        680.00      680.00  -60.43  -31.52    1.38  166.00
        690.00      690.00  -55.25  -31.65    1.38  165.50
        700.00      700.00  -50.54  -31.99    1.38  165.00
        710.00      710.00  -48.69  -32.01    1.38  164.50
        720.00      720.00  -48.02  -32.10    1.37  164.00
        730.00      730.00  -47.70  -32.12    1.36  163.50
        740.00      740.00  -49.35  -32.38    1.36  163.00
        750.00      750.00  -62.95  -32.43    1.36  162.50
        760.00      760.00  -53.27  -32.39    1.36  162.00
        770.00      770.00  -49.89  -32.44    1.35  161.50
        780.00      780.00  -51.77  -32.49    1.35  161.00
        790.00      790.00  -46.73  -32.61    1.35  160.50
        800.00      800.00  -45.84  -32.68    1.34  160.00
        810.00      810.00  -48.80  -32.68    1.34  159.50
        820.00      820.00  -56.95  -32.74    1.33  159.00
        830.00      830.00  -51.99  -32.88    1.33  158.50
        840.00      840.00  -51.92  -32.98    1.33  158.00
        850.00      850.00  -60.37  -33.09    1.32  157.50
        860.00      860.00  -53.41  -33.22    1.32  157.00
        870.00      870.00  -53.12  -33.10    1.31  156.50
        880.00      880.00  -53.51  -33.28    1.31  156.00
        890.00      890.00  -60.61  -33.48    1.31  155.50
        900.00      900.00  -56.51  -33.48    1.30  155.00
        910.00      910.00  -59.50  -33.58    1.30  154.50
        920.00      920.00  -49.68  -33.70    1.30  154.00
        930.00      930.00  -48.89  -33.56    1.29  153.50
        940.00      940.00  -51.92  -33.62    1.29  153.00
        950.00      950.00  -53.14  -33.80    1.29  152.50
        960.00      960.00  -54.31  -33.86    1.28  152.00
        970.00      970.00  -48.91  -33.87    1.28  151.50
        980.00      980.00  -49.03  -33.92    1.27  151.00
        990.00      990.00  -50.92  -33.92    1.27  150.50
       1000.00     1000.00  -54.08  -33.92    1.27  150.00
