         10.00       10.00  -20.87   -5.62   56.44   20.00
         20.00       20.00  -20.41  -11.09   36.95   20.00
         30.00       30.00  -23.41  -13.11   42.28   20.00
         40.00       40.00  -25.59  -16.42   47.61   20.00
         50.00       50.00  -25.05  -16.05   37.60   20.20
         60.00       60.00  -26.82  -16.82   40.72   20.20
         70.00       70.00  -27.49  -17.24   34.24   20.20
         80.00       80.00  -28.31  -17.92   33.61   20.20
         90.00       90.00  -28.76  -19.44   28.49   20.40
        100.00      100.00  -29.43  -20.72   31.44   20.40
        110.00      110.00  -30.29  -21.01   32.96   20.40
        120.00      120.00  -30.99  -21.29   34.94   20.40
        130.00      130.00  -30.62  -21.11   31.61   20.60
        140.00      140.00  -31.68  -21.15   34.47   20.60
        150.00      150.00  -31.94  -22.14   36.03   20.60
        160.00      160.00  -31.99  -23.20   36.74   20.60
        170.00      170.00  -32.50  -23.63   30.31   20.80
        180.00      180.00  -33.10  -23.84   25.21   20.80
        190.00      190.00  -33.13  -23.52   21.78   20.80
        200.00      200.00  -32.83  -22.94   31.51   20.80
        210.00      210.00  -33.81  -22.79   34.52   21.00
        220.00      220.00  -33.58  -24.32   36.47   21.00
        230.00      230.00  -34.98  -25.05   38.98   21.00
        240.00      240.00  -35.29  -26.70   42.31   21.00
        250.00      250.00  -34.71  -25.66   38.87   21.20
        260.00      260.00  -34.82  -25.28   34.82   21.20
        270.00      270.00  -34.15  -23.76   32.09   21.20
        280.00      280.00  -34.18  -23.48   30.80   21.20
        290.00      290.00  -34.17  -23.68   32.09   21.40
        300.00      300.00  -35.34  -24.14   33.62   21.40
        310.00      310.00  -35.23  -26.19   35.73   21.40
        320.00      320.00  -37.41  -28.03   35.47   21.40
        330.00      330.00  -36.48  -27.88   32.65   21.60
        340.00      340.00  -37.33  -27.86   33.37   21.60
        350.00      350.00  -36.80  -26.58   34.30   21.60
        360.00      360.00  -36.57  -26.43   36.13   21.60
        370.00      370.00  -37.07  -26.64   38.93   21.80
        380.00      380.00  -36.72  -27.28   38.35   21.80
        390.00      390.00  -37.74  -28.05   37.33   21.80
        400.00      400.00  -38.12  -28.35   34.93   21.80
        410.00      410.00  -38.23  -29.08   34.77   22.00
        420.00      420.00  -38.63  -29.41   35.50   22.00
        430.00      430.00  -38.04  -28.99   35.95   22.00
        440.00      440.00  -38.30  -28.37   38.99   22.00
        450.00      450.00  -37.64  -27.81   41.99   22.20
        460.00      460.00  -37.52  -27.71   40.84   22.20
        470.00      470.00  -37.51  -27.63   42.10   22.20
        480.00      480.00  -37.91  -27.73   39.05   22.20
        490.00      490.00  -37.33  -27.85   36.97   22.40
        500.00      500.00  -38.81  -27.61   42.50   22.40
        510.00      510.00  -39.00  -28.51   45.40   22.40
        520.00      520.00  -39.97  -29.98   46.93   22.40
        530.00      530.00  -40.58  -31.47   43.71   22.60
        540.00      540.00  -41.66  -32.36   38.46   22.60
        550.00      550.00  -40.33  -30.85   34.99   22.60
        560.00      560.00  -39.93  -29.58   34.07   22.60
        570.00      570.00  -38.74  -28.61   36.50   22.80
        580.00      580.00  -39.01  -27.74   36.78   22.80
        590.00      590.00  -38.90  -28.07   34.80   22.80
        600.00      600.00  -39.32  -29.33   35.51   22.80
        610.00      610.00  -41.29  -30.13   43.40   23.00
        620.00      620.00  -40.65  -30.72   48.92   23.00
        630.00      630.00  -41.37  -30.98   50.55   23.00
        640.00      640.00  -40.37  -29.82   50.31   23.00
        650.00      650.00  -39.33  -29.19   49.90   23.20
        660.00      660.00  -39.05  -28.55   46.94   23.20
        670.00      670.00  -38.86  -28.64   41.28   23.20
        680.00      680.00  -38.71  -29.10   39.26   23.20
        690.00      690.00  -39.29  -29.11   37.06   23.40
        700.00      700.00  -39.11  -29.15   42.40   23.40
        710.00      710.00  -40.47  -29.32   42.55   23.40
        720.00      720.00  -40.51  -30.20   45.11   23.40
        730.00      730.00  -41.06  -31.68   42.24   23.60
        740.00      740.00  -42.81  -32.68   34.26   23.60
        750.00      750.00  -41.09  -31.61   28.45   23.60
        760.00      760.00  -40.76  -30.20   29.21   23.60
        770.00      770.00  -40.56  -29.05   36.01   23.80
        780.00      780.00  -39.50  -28.82   45.77   23.80
        790.00      790.00  -39.95  -29.02   50.52   23.80
        800.00      800.00  -40.22  -29.84   51.07   23.80
        810.00      810.00  -42.36  -30.93   50.99   24.00
        820.00      820.00  -43.49  -31.00   55.84   24.00
        830.00      830.00  -43.07  -31.22   57.73   24.00
        840.00      840.00  -43.68  -31.58   58.92   24.00
        850.00      850.00  -41.05  -30.72   55.19   24.20
        860.00      860.00  -39.73  -28.69   52.47   24.20
        870.00      870.00  -40.16  -28.07   46.17   24.20
        880.00      880.00  -38.49  -28.57   42.66   24.20
        890.00      890.00  -39.52  -28.54   36.58   24.40
        900.00      900.00  -40.45  -28.65   37.83   24.40
        910.00      910.00  -39.87  -30.18   40.38   24.40
        920.00      920.00  -42.66  -31.70   48.45   24.40
        930.00      930.00  -42.48  -31.70   50.23   24.60
        940.00      940.00  -42.75  -32.40   49.23   24.60
        950.00      950.00  -44.68  -33.31   45.36   24.60
        960.00      960.00  -42.31  -32.15   43.68   24.60
        970.00      970.00  -40.99  -29.73   44.86   24.80
        980.00      980.00  -41.85  -28.93   50.97   24.80
        990.00      990.00  -40.46  -29.13   54.31   24.80
       1000.00     1000.00  -39.84  -29.78   54.04   24.80
       1010.00     1010.00  -41.08  -29.87   54.40   25.00
       1020.00     1020.00  -43.19  -29.90   57.57   25.00
       1030.00     1030.00  -44.22  -30.85   61.00   25.00
       1040.00     1040.00  -46.66  -33.28   62.75   25.00
       1050.00     1050.00  -47.09  -34.21   63.90   25.20
       1060.00     1060.00  -43.94  -32.55   60.75   25.20
       1070.00     1070.00  -42.14  -30.05   58.76   25.20
       1080.00     1080.00  -41.85  -29.53   54.94   25.20
       1090.00     1090.00  -40.16  -29.86   52.05   25.40
       1100.00     1100.00  -40.08  -29.60   46.16   25.40
       1110.00     1110.00  -41.48  -29.17   43.99   25.40
       1120.00     1120.00  -41.60  -29.82   47.94   25.40
       1130.00     1130.00  -43.16  -31.38   51.16   25.60
       1140.00     1140.00  -44.84  -33.69   54.22   25.60
       1150.00     1150.00  -47.67  -36.68   58.31   25.60
       1160.00     1160.00  -48.99  -37.95   61.94   25.60
       1170.00     1170.00  -47.82  -35.21   58.68   25.80
       1180.00     1180.00  -44.34  -30.93   61.37   25.80
       1190.00     1190.00  -43.39  -29.22   63.40   25.80
       1200.00     1200.00  -42.75  -28.84   66.06   25.80
       1210.00     1210.00  -40.88  -29.82   65.91   26.00
       1220.00     1220.00  -40.74  -30.30   65.69   26.00
       1230.00     1230.00  -42.36  -29.63   69.12   26.00
       1240.00     1240.00  -44.75  -29.10   71.25   26.00
       1250.00     1250.00  -46.18  -30.59   67.98   26.20
       1260.00     1260.00  -51.72  -33.60   60.43   26.20
       1270.00     1270.00  -70.62  -35.56   55.22   26.20
       1280.00     1280.00  -51.35  -33.15   52.29   26.20
       1290.00     1290.00  -48.07  -33.42   47.45   26.40
       1300.00     1300.00  -43.61  -32.00   44.87   26.40
       1310.00     1310.00  -42.16  -29.60   46.09   26.40
       1320.00     1320.00  -42.14  -28.62   48.42   26.40
       1330.00     1330.00  -41.19  -28.63   52.76   26.60
       1340.00     1340.00  -41.44  -29.08   57.28   26.60
       1350.00     1350.00  -42.37  -30.01   62.64   26.60
       1360.00     1360.00  -44.41  -31.19   69.75   26.60
       1370.00     1370.00  -44.93  -33.66   63.27   26.80
       1380.00     1380.00  -51.55  -32.74   56.82   26.80
       1390.00     1390.00  -59.96  -30.11   55.35   26.80
       1400.00     1400.00  -53.96  -28.15   52.44   26.80
       1410.00     1410.00  -47.94  -28.71   52.47   27.00
       1420.00     1420.00  -44.72  -29.50   54.02   27.00
       1430.00     1430.00  -41.54  -30.42   58.90   27.00
       1440.00     1440.00  -40.66  -29.06   60.76   27.00
       1450.00     1450.00  -41.13  -27.80   60.30   27.20
       1460.00     1460.00  -40.91  -27.56   56.49   27.20
       1470.00     1470.00  -41.68  -28.05   52.45   27.20
       1480.00     1480.00  -42.51  -29.47   44.40   27.20
       1490.00     1490.00  -44.91  -31.39   42.67   27.40
       1500.00     1500.00  -46.46  -34.21   37.49   27.40
       1510.00     1510.00  -53.53  -33.29   39.53   27.40
       1520.00     1520.00  -57.30  -31.46   40.72   27.40
       1530.00     1530.00  -52.21  -31.05   45.00   27.60
       1540.00     1540.00  -48.07  -31.28   45.48   27.60
       1550.00     1550.00  -45.25  -32.01   55.70   27.60
       1560.00     1560.00  -43.68  -32.21   66.93   27.60
       1570.00     1570.00  -43.46  -31.78   66.04   27.80
       1580.00     1580.00  -42.52  -31.02   61.34   27.80
       1590.00     1590.00  -42.71  -29.85   58.53   27.80
       1600.00     1600.00  -43.73  -28.98   57.24   27.80
       1610.00     1610.00  -45.19  -28.96   57.41   28.00
       1620.00     1620.00  -46.07  -31.02   55.22   28.00
       1630.00     1630.00  -49.71  -33.65   57.37   28.00
       1640.00     1640.00  -52.61  -35.55   60.74   28.00
       1650.00     1650.00  -51.56  -34.15   61.26   28.20
       1660.00     1660.00  -50.06  -32.60   59.48   28.20
       1670.00     1670.00  -45.72  -32.16   57.21   28.20
       1680.00     1680.00  -44.40  -30.80   55.21   28.20
       1690.00     1690.00  -43.83  -30.24   51.15   28.40
       1700.00     1700.00  -43.26  -30.73   50.58   28.40
       1710.00     1710.00  -42.54  -31.52   53.61   28.40
       1720.00     1720.00  -43.14  -31.76   53.83   28.40
       1730.00     1730.00  -42.98  -31.57   53.69   28.60
       1740.00     1740.00  -45.22  -31.25   53.22   28.60
       1750.00     1750.00  -45.50  -31.97   54.55   28.60
       1760.00     1760.00  -46.38  -34.12   61.78   28.60
       1770.00     1770.00  -50.05  -37.44   60.54   28.80
       1780.00     1780.00  -51.59  -38.34   60.96   28.80
       1790.00     1790.00  -58.64  -35.94   61.00   28.80
       1800.00     1800.00  -62.07  -33.63   63.98   28.80
       1810.00     1810.00  -53.31  -32.09   61.98   29.00
       1820.00     1820.00  -51.21  -32.27   61.09   29.00
       1830.00     1830.00  -46.48  -33.92   60.22   29.00
       1840.00     1840.00  -45.72  -34.35   62.94   29.00
       1850.00     1850.00  -44.47  -32.97   62.18   29.20
       1860.00     1860.00  -44.12  -31.27   68.41   29.20
       1870.00     1870.00  -44.96  -30.58   64.16   29.20
       1880.00     1880.00  -44.47  -31.21   61.78   29.20
       1890.00     1890.00  -46.87  -32.18   59.64   29.40
       1900.00     1900.00  -45.76  -33.62   55.04   29.40
       1910.00     1910.00  -48.43  -36.33   60.06   29.40
       1920.00     1920.00  -49.39  -34.97   62.12   29.40
       1930.00     1930.00  -51.22  -33.25   63.40   29.60
       1940.00     1940.00  -51.91  -32.34   60.86   29.60
       1950.00     1950.00  -53.79  -31.67   52.56   29.60
       1960.00     1960.00  -52.08  -32.30   49.93   29.60
       1970.00     1970.00  -49.29  -34.24   47.85   29.80
       1980.00     1980.00  -47.29  -35.80   47.29   29.80
       1990.00     1990.00  -45.95  -34.18   55.13   29.80
       2000.00     2000.00  -44.94  -31.52   56.72   29.80
       2010.00     2010.00  -45.07  -30.11   57.18   30.00
       2020.00     2020.00  -44.09  -30.11   56.86   30.00
       2030.00     2030.00  -44.39  -30.91   60.26   30.00
       2040.00     2040.00  -44.43  -32.23   62.72   30.00
       2050.00     2050.00  -45.74  -33.18   63.21   30.20
       2060.00     2060.00  -47.74  -33.41   66.54   30.20
       2070.00     2070.00  -48.23  -34.27   64.78   30.20
       2080.00     2080.00  -50.16  -35.95   65.53   30.20
       2090.00     2090.00  -51.29  -36.94   62.40   30.40
       2100.00     2100.00  -49.25  -36.38   59.15   30.40
       2110.00     2110.00  -52.06  -35.18   58.79   30.40
       2120.00     2120.00  -48.29  -33.66   55.02   30.40
       2130.00     2130.00  -50.05  -32.60   45.01   30.60
       2140.00     2140.00  -45.94  -33.34   54.00   30.60
       2150.00     2150.00  -46.34  -34.28   55.39   30.60
       2160.00     2160.00  -46.45  -34.03   57.39   30.60
       2170.00     2170.00  -45.39  -33.75   50.94   30.80
       2180.00     2180.00  -44.60  -32.76   50.42   30.80
       2190.00     2190.00  -45.94  -31.81   54.26   30.80
       2200.00     2200.00  -45.23  -31.44   57.18   30.80
       2210.00     2210.00  -47.14  -31.49   60.42   31.00
       2220.00     2220.00  -46.96  -32.48   58.90   31.00
       2230.00     2230.00  -48.55  -35.30   59.65   31.00
       2240.00     2240.00  -51.23  -37.32   63.62   31.00
       2250.00     2250.00  -49.03  -35.61   61.17   31.20
       2260.00     2260.00  -51.27  -33.76   67.52   31.20
       2270.00     2270.00  -51.41  -33.06   63.03   31.20
       2280.00     2280.00  -46.80  -33.35   61.07   31.20
       2290.00     2290.00  -48.05  -32.98   60.49   31.40
       2300.00     2300.00  -47.29  -33.08   50.74   31.40
       2310.00     2310.00  -44.97  -33.50   49.77   31.40
       2320.00     2320.00  -47.02  -34.07   52.87   31.40
       2330.00     2330.00  -45.78  -33.72   55.71   31.60
       2340.00     2340.00  -44.75  -33.23   56.57   31.60
       2350.00     2350.00  -45.11  -32.60   56.25   31.60
       2360.00     2360.00  -45.29  -32.16   52.50   31.60
       2370.00     2370.00  -45.67  -32.43   41.83   31.80
       2380.00     2380.00  -45.35  -33.44   39.09   31.80
       2390.00     2390.00  -46.90  -34.44   43.11   31.80
       2400.00     2400.00  -47.74  -34.69   50.37   31.80
       2410.00     2410.00  -48.88  -34.96   58.97   32.00
       2420.00     2420.00  -49.32  -35.37   57.64   32.00
       2430.00     2430.00  -50.55  -35.33   61.13   32.00
       2440.00     2440.00  -52.48  -35.55   66.70   32.00
       2450.00     2450.00  -48.87  -35.47   58.55   32.20
       2460.00     2460.00  -48.05  -33.83   61.63   32.20
       2470.00     2470.00  -49.83  -32.85   65.70   32.20
       2480.00     2480.00  -46.24  -32.76   67.78   32.20
       2490.00     2490.00  -45.35  -32.74   64.48   32.40
       2500.00     2500.00  -47.23  -32.86   61.21   32.40
       2510.00     2510.00  -44.39  -32.72   60.08   32.40
       2520.00     2520.00  -45.40  -33.59   59.86   32.40
       2530.00     2530.00  -44.86  -33.01   56.03   32.60
       2540.00     2540.00  -44.19  -32.16   56.76   32.60
       2550.00     2550.00  -44.35  -31.59   57.81   32.60
       2560.00     2560.00  -44.45  -31.50   58.51   32.60
       2570.00     2570.00  -44.73  -31.74   49.10   32.80
       2580.00     2580.00  -46.23  -32.51   40.10   32.80
       2590.00     2590.00  -46.42  -33.67   39.62   32.80
       2600.00     2600.00  -48.21  -35.35   38.65   32.80
       2610.00     2610.00  -50.07  -36.01   38.52   33.00
       2620.00     2620.00  -51.16  -36.29   40.57   33.00
       2630.00     2630.00  -50.59  -36.90   48.41   33.00
       2640.00     2640.00  -50.33  -36.67   53.53   33.00
       2650.00     2650.00  -49.82  -35.43   54.02   33.20
       2660.00     2660.00  -48.14  -33.81   63.30   33.20
       2670.00     2670.00  -47.15  -32.91   66.06   33.20
       2680.00     2680.00  -46.51  -32.75   65.85   33.20
       2690.00     2690.00  -45.48  -32.93   65.48   33.40
       2700.00     2700.00  -45.88  -33.51   63.75   33.40
       2710.00     2710.00  -45.97  -33.89   64.60   33.40
       2720.00     2720.00  -45.66  -33.92   68.54   33.40
       2730.00     2730.00  -45.60  -33.50   69.25   33.60
       2740.00     2740.00  -45.25  -32.93   69.35   33.60
       2750.00     2750.00  -43.95  -31.78   67.09   33.60
       2760.00     2760.00  -44.00  -30.95   67.12   33.60
       2770.00     2770.00  -45.08  -30.47   56.66   33.80
       2780.00     2780.00  -45.30  -30.85   50.75   33.80
       2790.00     2790.00  -45.84  -32.54   53.47   33.80
       2800.00     2800.00  -48.15  -35.18   59.14   33.80
       2810.00     2810.00  -50.18  -37.04   60.45   34.00
       2820.00     2820.00  -51.92  -38.23   62.57   34.00
       2830.00     2830.00  -51.50  -38.69   68.89   34.00
       2840.00     2840.00  -51.97  -38.61   75.57   34.00
       2850.00     2850.00  -50.53  -35.98   66.68   34.20
       2860.00     2860.00  -49.01  -33.03   65.03   34.20
       2870.00     2870.00  -47.66  -31.52   60.77   34.20
       2880.00     2880.00  -47.06  -31.04   62.50   34.20
       2890.00     2890.00  -45.38  -31.42   62.05   34.40
       2900.00     2900.00  -45.31  -32.56   60.93   34.40
       2910.00     2910.00  -45.79  -33.58   59.95   34.40
       2920.00     2920.00  -46.89  -34.17   70.37   34.40
       2930.00     2930.00  -46.00  -33.04   64.95   34.60
       2940.00     2940.00  -45.82  -32.47   61.70   34.60
       2950.00     2950.00  -45.19  -31.94   62.25   34.60
       2960.00     2960.00  -43.84  -31.01   61.56   34.60
       2970.00     2970.00  -42.63  -29.74   57.82   34.80
       2980.00     2980.00  -44.29  -29.40   57.37   34.80
       2990.00     2990.00  -44.30  -29.69   57.14   34.80
       3000.00     3000.00  -44.83  -31.13   63.47   34.80
       3010.00     3010.00  -47.21  -33.87   62.94   35.00
       3020.00     3020.00  -49.69  -36.10   67.76   35.00
       3030.00     3030.00  -52.54  -37.28   78.48   35.00
       3040.00     3040.00  -50.93  -36.80   87.46   35.00
       3050.00     3050.00  -52.07  -37.10   75.63   35.20
       3060.00     3060.00  -49.88  -33.30   73.49   35.20
       3070.00     3070.00  -49.94  -31.01   73.83   35.20
       3080.00     3080.00  -48.57  -30.44   73.89   35.20
       3090.00     3090.00  -47.12  -30.83   74.47   35.40
       3100.00     3100.00  -44.89  -31.27   68.82   35.40
       3110.00     3110.00  -45.55  -32.09   64.68   35.40
       3120.00     3120.00  -46.30  -32.22   73.80   35.40
       3130.00     3130.00  -48.03  -31.83   70.22   35.60
       3140.00     3140.00  -47.22  -31.80   77.00   35.60
       3150.00     3150.00  -48.98  -33.19   70.06   35.60
       3160.00     3160.00  -48.42  -34.30   71.60   35.60
       3170.00     3170.00  -45.39  -32.39   68.61   35.80
       3180.00     3180.00  -44.35  -30.69   67.07   35.80
       3190.00     3190.00  -45.47  -30.25   64.40   35.80
       3200.00     3200.00  -44.34  -30.42   74.19   35.80
       3210.00     3210.00  -45.52  -32.04   71.11   36.00
       3220.00     3220.00  -46.11  -33.07   71.62   36.00
       3230.00     3230.00  -49.46  -34.76   76.60   36.00
       3240.00     3240.00  -54.88  -34.44   87.74   36.00
       3250.00     3250.00  -53.56  -34.90   75.05   36.20
       3260.00     3260.00  -55.51  -36.34   62.71   36.20
       3270.00     3270.00  -53.51  -34.50   74.63   36.20
       3280.00     3280.00  -55.01  -32.64   80.85   36.20
       3290.00     3290.00  -52.63  -32.50   85.11   36.40
       3300.00     3300.00  -51.65  -33.05   84.83   36.40
       3310.00     3310.00  -47.01  -32.15   82.55   36.40
       3320.00     3320.00  -46.63  -31.24   83.43   36.40
       3330.00     3330.00  -47.44  -30.19   77.95   36.60
       3340.00     3340.00  -48.26  -30.05   83.83   36.60
       3350.00     3350.00  -46.89  -30.88   78.83   36.60
       3360.00     3360.00  -48.21  -33.20   74.44   36.60
       3370.00     3370.00  -51.78  -36.12   76.47   36.80
       3380.00     3380.00  -52.12  -36.52   78.35   36.80
       3390.00     3390.00  -49.80  -35.34   82.09   36.80
       3400.00     3400.00  -49.69  -35.60   78.78   36.80
       3410.00     3410.00  -47.11  -34.50   70.49   37.00
       3420.00     3420.00  -48.13  -34.31   55.61   37.00
       3430.00     3430.00  -46.69  -34.01   57.99   37.00
       3440.00     3440.00  -46.97  -33.94   73.62   37.00
       3450.00     3450.00  -50.43  -34.08   74.07   37.20
       3460.00     3460.00  -49.36  -34.17   65.87   37.20
       3470.00     3470.00  -55.80  -35.00   69.63   37.20
       3480.00     3480.00  -57.06  -34.54   83.20   37.20
       3490.00     3490.00  -58.17  -35.74   87.68   37.40
       3500.00     3500.00  -65.77  -39.46   87.67   37.40
       3510.00     3510.00  -63.93  -39.36   87.27   37.40
       3520.00     3520.00  -57.19  -37.68   86.87   37.40
       3530.00     3530.00  -50.39  -34.02   86.06   37.60
       3540.00     3540.00  -51.89  -34.05   85.99   37.60
       3550.00     3550.00  -49.61  -32.97   75.08   37.60
       3560.00     3560.00  -49.00  -33.10   76.51   37.60
       3570.00     3570.00  -47.28  -33.62   80.58   37.80
       3580.00     3580.00  -46.97  -34.71   80.83   37.80
       3590.00     3590.00  -50.73  -35.80   79.68   37.80
       3600.00     3600.00  -47.61  -34.26   77.55   37.80
       3610.00     3610.00  -51.40  -35.68   69.23   38.00
       3620.00     3620.00  -49.04  -34.94   64.72   38.00
       3630.00     3630.00  -49.19  -35.15   73.02   38.00
       3640.00     3640.00  -49.21  -35.81   81.66   38.00
       3650.00     3650.00  -45.77  -32.85   78.38   38.20
       3660.00     3660.00  -47.10  -32.77   79.48   38.20
       3670.00     3670.00  -45.97  -32.69   74.42   38.20
       3680.00     3680.00  -45.10  -31.92   72.84   38.20
       3690.00     3690.00  -49.25  -32.07   69.58   38.40
       3700.00     3700.00  -45.86  -31.93   63.78   38.40
       3710.00     3710.00  -51.89  -35.90   58.77   38.40
       3720.00     3720.00  -50.19  -36.76   62.32   38.40
       3730.00     3730.00  -58.80  -36.66   54.34   38.60
       3740.00     3740.00  -54.02  -36.37   55.38   38.60
       3750.00     3750.00  -57.61  -38.23   65.87   38.60
       3760.00     3760.00  -57.61  -40.90   66.46   38.60
       3770.00     3770.00  -55.40  -39.04   72.87   38.80
       3780.00     3780.00  -55.27  -38.58   75.62   38.80
       3790.00     3790.00  -52.47  -37.51   86.51   38.80
       3800.00     3800.00  -52.72  -37.35   87.82   38.80
       3810.00     3810.00  -52.82  -37.19   83.05   39.00
       3820.00     3820.00  -49.91  -36.23   83.37   39.00
       3830.00     3830.00  -52.45  -36.98   83.58   39.00
       3840.00     3840.00  -51.28  -36.95   83.92   39.00
       3850.00     3850.00  -51.20  -38.44   82.40   39.20
       3860.00     3860.00  -55.74  -38.75   80.03   39.20
       3870.00     3870.00  -52.15  -36.60   80.82   39.20
       3880.00     3880.00  -55.44  -37.36   78.39   39.20
       3890.00     3890.00  -50.48  -35.87   71.33   39.40
       3900.00     3900.00  -49.52  -35.28   74.05   39.40
       3910.00     3910.00  -48.15  -34.61   75.95   39.40
       3920.00     3920.00  -46.54  -33.87   78.18   39.40
       3930.00     3930.00  -46.69  -33.70   73.46   39.60
       3940.00     3940.00  -45.96  -33.19   74.88   39.60
       3950.00     3950.00  -47.17  -33.08   70.19   39.60
       3960.00     3960.00  -48.85  -33.16   64.03   39.60
       3970.00     3970.00  -50.88  -33.77   63.25   39.80
       3980.00     3980.00  -56.49  -34.67   56.17   39.80
       3990.00     3990.00  -57.50  -35.48   56.37   39.80
       4000.00     4000.00  -59.05  -38.09   62.84   39.80
